x <- c(10,-2,5,-7,12); 
x[x>=0]
